A(2, 5) = 11
v(1) = 0.5